#Evolver by Thomas Michelitsch (ISF)
#
#Simulation Values
#


# Individual 0
0.053098 0.052794 0.056593 0.056016 0.054197 0.058314 0.055726 0.063876 0.064029 0.070618 0.070515 0.083256 0.082553 0.052859 0.05671 0.052981 0.066925 0.066494 0.09173 0.057191 0.074066 0.086734 0.069915 0.093507 0.077131 0.089138 0.074805 0.068789 0.090752 0.076231 0.09915 0.091423 0.06041 0.10023 0.094587 0.067483 0.057632 0.062738 0.059795 0.1043 0.10219 0.10444 0.10239 0.099063 0.099725 0.052614 0.056181 0.051045 0.096721 0.091639 0.072891 0.097175 0.10273 0.053397 0.065255 0.09242 0.09397 0.080675 0.10388 0.07611 0.099297 0.084394 0.10205 0.10139 0.10467 0.10766 0.11393 0.11787 0.092251 0.095129 0.086961 0.090074 0.084592 0.085629 0.07104 0.062082 0.08252 0.06354 0.080873 0.072091 0.10574 0.056889 0.062172 0.067877 0.064707 0.090568 0.093994 0.087965 0.096903 0.090223 0.095152 0.048882 0.050602 0.047214 0.10848 0.11553 0.083119 0.084172 0.079055 0.085341 0.10148 0.048772 0.067224 0.069302 0.07043 0.10204 0.08709 0.081341 0.10714 0.0848 0.09555 0.11789 0.12302 0.13081 0.11984 0.13392 0.12306 0.12732 0.12907 0.11604 0.11293 0.13027 0.12055 0.134 0.13971 0.11268 0.094159 0.099904 0.097826 0.1045 0.090184 0.083832 0.084945 0.087561 0.0857 0.090475 0.090112 0.085445 0.081363 0.076702 0.082246 0.075257 0.082283 0.079607 0.071371 0.058149 0.053605 0.064637 0.053168 0.056868 0.063592 0.048302 0.046271 0.046113 0.075508 0.097139 0.13836 0.05479 0.12556 0.1421 0.081243 0.068718 0.073965 0.082319 0.080095 0.10606 0.11544 0.10682 0.12786 0.12035 0.13145 0.046528 0.0493 0.047756 0.094742 0.097361 0.11794 0.12143 0.10704 0.11955 0.1042 0.11284 0.14741 0.14325 0.1468 0.13172 0.14135 0.13073 0.09074 0.089823 0.098802 0.09865 0.11212 0.11458 0.059726 0.067266 0.058266 0.074838 0.065723 0.075992 0.14324 0.051556 0.089845 0.14838 0.12432 0.064577 0.12473 0.089712 0.085721 0.094826 0.087658 0.14176 0.14833 0.14718 0.15683 0.15457 0.16332 0.050283 0.05554 0.054206 0.10996 0.15169 0.12932 0.060831 0.13139 0.14673 0.12133 0.14736 0.11456 0.12303 0.091994 0.075346 0.11246 0.072666 0.10844 0.085232 0.094504 0.12891 0.10387 0.079739 0.083466 0.086639 0.076336 0.11635 0.12651 0.09173 0.10541 0.084445 0.089624 0.058898 0.066204 0.063474 0.077919 0.070748 0.070333 0.067445 

# Individual 1
0.045438 0.045537 0.04764 0.047929 0.045435 0.047756 0.045212 0.053038 0.052772 0.057381 0.056567 0.06485 0.064114 0.04589 0.048619 0.04608 0.053628 0.054977 0.070121 0.049006 0.057578 0.066382 0.053948 0.072732 0.05813 0.068041 0.06019 0.056604 0.070266 0.06214 0.079579 0.074994 0.047603 0.085441 0.072335 0.056963 0.045045 0.047793 0.045587 0.082295 0.080558 0.093823 0.089415 0.10537 0.10282 0.045955 0.048788 0.045431 0.075551 0.084295 0.054489 0.11438 0.093697 0.047931 0.048963 0.11887 0.070569 0.05956 0.078746 0.056125 0.072968 0.061724 0.095795 0.11175 0.090574 0.12128 0.10093 0.11561 0.103 0.10718 0.11476 0.12088 0.13237 0.13176 0.061666 0.055507 0.075355 0.058966 0.081686 0.070694 0.12895 0.053346 0.046974 0.050678 0.048593 0.12724 0.1256 0.13367 0.13125 0.13426 0.13317 0.044728 0.046941 0.044228 0.079704 0.093749 0.14288 0.10196 0.057981 0.13585 0.13052 0.046292 0.049918 0.050875 0.052128 0.073361 0.063039 0.059012 0.076302 0.060666 0.067276 0.08681 0.10018 0.11081 0.092516 0.11155 0.096244 0.10605 0.118 0.12737 0.12719 0.12236 0.12266 0.11919 0.1191 0.12193 0.13081 0.12929 0.1271 0.12521 0.1335 0.14713 0.13948 0.13583 0.15133 0.1335 0.13845 0.15961 0.10872 0.091441 0.13373 0.093761 0.14211 0.11792 0.074609 0.056129 0.05167 0.065378 0.052075 0.057172 0.066144 0.046935 0.044076 0.044349 0.054479 0.12662 0.11534 0.055492 0.10898 0.11537 0.12051 0.077032 0.052794 0.057274 0.054873 0.12085 0.11816 0.12112 0.11476 0.1158 0.11271 0.045528 0.049029 0.047816 0.065673 0.13158 0.087161 0.10034 0.074372 0.099746 0.07123 0.081751 0.11386 0.11452 0.11349 0.11492 0.11859 0.11924 0.16023 0.15174 0.1408 0.14437 0.1308 0.1374 0.06296 0.075675 0.061527 0.093414 0.072799 0.091954 0.112 0.052841 0.060133 0.12106 0.11791 0.0708 0.11385 0.11554 0.056874 0.062674 0.058769 0.11472 0.11327 0.11643 0.11693 0.11367 0.11577 0.051801 0.058757 0.057111 0.076044 0.11044 0.12383 0.064826 0.10858 0.1176 0.086981 0.10717 0.07887 0.088112 0.1068 0.084342 0.1152 0.078776 0.10386 0.088189 0.06482 0.10703 0.079221 0.080265 0.06057 0.066331 0.061918 0.099162 0.10003 0.085966 0.085708 0.077957 0.077605 0.061434 0.06774 0.063077 0.066811 0.067547 0.062485 0.062808 

# Individual 2
0.043281 0.042374 0.045923 0.043754 0.045363 0.048976 0.048416 0.048365 0.049818 0.050838 0.054501 0.057674 0.060273 0.04135 0.042821 0.04068 0.054287 0.047519 0.068257 0.04261 0.060959 0.069454 0.060654 0.080747 0.069854 0.08171 0.049986 0.047148 0.056683 0.050429 0.059685 0.056299 0.053352 0.091416 0.061395 0.049427 0.052755 0.059354 0.058488 0.070425 0.075389 0.073673 0.086517 0.082475 0.090787 0.041266 0.044441 0.043832 0.095936 0.060909 0.069316 0.10059 0.067314 0.048364 0.066828 0.082343 0.096823 0.08145 0.11246 0.080004 0.11267 0.094478 0.10517 0.11046 0.10863 0.11891 0.12067 0.1255 0.066545 0.06929 0.072106 0.075597 0.07594 0.076634 0.055261 0.05526 0.06171 0.062591 0.070703 0.072443 0.11369 0.059373 0.06513 0.074654 0.07144 0.088511 0.097917 0.08617 0.10321 0.090274 0.097902 0.046996 0.051224 0.048291 0.12599 0.12276 0.082084 0.076336 0.090678 0.081023 0.10085 0.051081 0.075878 0.078038 0.080783 0.12362 0.1049 0.097736 0.13049 0.10255 0.11682 0.13772 0.12994 0.13155 0.13228 0.13198 0.1362 0.13483 0.12908 0.11629 0.1088 0.12443 0.107 0.1117 0.12191 0.099264 0.091179 0.096611 0.091714 0.096309 0.088261 0.083799 0.082391 0.085237 0.089442 0.087607 0.089421 0.097101 0.087009 0.091363 0.089278 0.097399 0.099128 0.1046 0.081271 0.064073 0.058139 0.075052 0.057254 0.062479 0.074922 0.049632 0.047704 0.047072 0.086512 0.090497 0.10669 0.056725 0.13557 0.12635 0.10338 0.084647 0.079757 0.087324 0.076146 0.093134 0.096746 0.093472 0.09954 0.095334 0.097553 0.045902 0.04825 0.044202 0.10879 0.093029 0.13727 0.13819 0.11925 0.12475 0.1008 0.10355 0.11135 0.12181 0.10618 0.12763 0.10903 0.121 0.10254 0.1057 0.098114 0.09587 0.097768 0.094877 0.06159 0.076816 0.054656 0.085432 0.058832 0.073547 0.099131 0.046353 0.080061 0.097964 0.095316 0.052375 0.11784 0.079233 0.067996 0.069093 0.059427 0.092389 0.094548 0.085708 0.091363 0.078576 0.081686 0.042656 0.044897 0.041949 0.083761 0.074252 0.084631 0.044479 0.097452 0.091069 0.082679 0.076886 0.068768 0.067628 0.068189 0.05619 0.072222 0.051075 0.064348 0.054808 0.05954 0.068332 0.05899 0.050916 0.052794 0.052913 0.048379 0.062719 0.065276 0.054603 0.05871 0.051465 0.053172 0.042229 0.044999 0.043191 0.048747 0.04604 0.045607 0.044454 

# Individual 3
0.04365 0.044332 0.046075 0.047547 0.042876 0.045576 0.042064 0.053844 0.053105 0.059818 0.058643 0.071053 0.071294 0.045767 0.049352 0.047172 0.053994 0.056633 0.084185 0.050701 0.060711 0.078335 0.054675 0.094655 0.062027 0.083136 0.061992 0.057686 0.072619 0.061032 0.073937 0.066984 0.045074 0.11655 0.079841 0.058104 0.041449 0.044665 0.040979 0.093469 0.10088 0.089375 0.11168 0.087762 0.098571 0.048479 0.052106 0.050403 0.095192 0.065974 0.054709 0.088397 0.078433 0.054807 0.043861 0.07422 0.078959 0.060833 0.080163 0.052745 0.066518 0.055735 0.11403 0.094036 0.11017 0.081235 0.095248 0.082654 0.065762 0.070152 0.062757 0.067801 0.060319 0.061687 0.061944 0.06129 0.065137 0.066765 0.067091 0.070246 0.071085 0.06567 0.040174 0.042175 0.03888 0.070303 0.07512 0.063107 0.069215 0.061777 0.064095 0.053135 0.058035 0.055713 0.063913 0.086393 0.058815 0.064656 0.048636 0.060065 0.062226 0.060362 0.037507 0.036826 0.040105 0.055465 0.04948 0.044466 0.052103 0.043009 0.045411 0.054729 0.075394 0.071773 0.06782 0.066065 0.061646 0.062357 0.073316 0.06694 0.063554 0.068062 0.062314 0.063322 0.06522 0.060505 0.058835 0.060313 0.058292 0.059647 0.058796 0.057296 0.057572 0.057263 0.056959 0.056788 0.056664 0.058397 0.064824 0.069967 0.061064 0.07096 0.061114 0.065686 0.073356 0.071059 0.068237 0.075842 0.070153 0.075455 0.078071 0.063156 0.057516 0.058639 0.03832 0.057699 0.063402 0.073794 0.05899 0.064905 0.066583 0.076798 0.035995 0.037464 0.035394 0.05895 0.060476 0.059176 0.062384 0.061993 0.063785 0.060573 0.065556 0.06181 0.042029 0.057696 0.050388 0.053307 0.04433 0.050993 0.041635 0.044881 0.06489 0.064081 0.066644 0.06187 0.066297 0.061947 0.059156 0.062763 0.058793 0.065368 0.061591 0.064565 0.07732 0.07751 0.07432 0.072972 0.075583 0.074058 0.066637 0.066299 0.0372 0.067219 0.063349 0.072833 0.056185 0.070992 0.035753 0.038427 0.037567 0.067168 0.06854 0.069172 0.069717 0.070949 0.07 0.061496 0.065043 0.059449 0.043315 0.066026 0.068567 0.061816 0.055355 0.061838 0.048199 0.060702 0.047091 0.052957 0.073657 0.073986 0.072205 0.06955 0.072282 0.069654 0.041273 0.070899 0.051387 0.063589 0.040547 0.044886 0.043832 0.067224 0.064161 0.06311 0.05693 0.057448 0.054687 0.055934 0.057159 0.052015 0.048163 0.052584 0.046676 0.048545 

# Individual 4
0.035254 0.035301 0.036953 0.036944 0.03548 0.037524 0.035698 0.0406 0.040781 0.043561 0.04426 0.049763 0.050547 0.035781 0.037738 0.036951 0.042409 0.041654 0.057366 0.03961 0.046602 0.055164 0.043649 0.062262 0.047638 0.057178 0.044965 0.043509 0.051649 0.047671 0.056719 0.053752 0.037909 0.074334 0.054989 0.04797 0.035743 0.037888 0.035639 0.065049 0.066978 0.072961 0.07737 0.08649 0.088721 0.039795 0.043947 0.045425 0.061985 0.059263 0.043718 0.097781 0.067318 0.051535 0.037637 0.095842 0.055545 0.046923 0.058594 0.04293 0.052688 0.0455 0.080334 0.091073 0.072868 0.091276 0.074822 0.082814 0.067815 0.073512 0.073601 0.087908 0.08445 0.093505 0.054092 0.056492 0.05921 0.064241 0.066283 0.069081 0.099365 0.066116 0.035555 0.037396 0.035564 0.10885 0.10783 0.11664 0.10987 0.12291 0.1172 0.053196 0.059896 0.059786 0.055031 0.067607 0.08905 0.071935 0.041973 0.10886 0.11352 0.06503 0.035637 0.035859 0.037227 0.050013 0.044095 0.041128 0.050558 0.041448 0.044878 0.056501 0.069188 0.076634 0.062837 0.078481 0.063936 0.072152 0.082634 0.096584 0.10304 0.088882 0.10297 0.098023 0.090389 0.1116 0.12598 0.11868 0.12473 0.11733 0.12657 0.10068 0.11148 0.12219 0.10534 0.12386 0.118 0.099246 0.078357 0.079998 0.084744 0.085716 0.090292 0.089614 0.076263 0.072648 0.071498 0.078023 0.07347 0.078085 0.08211 0.067552 0.063066 0.064034 0.037738 0.12559 0.10216 0.075613 0.073506 0.086385 0.09399 0.086131 0.03656 0.038878 0.037588 0.12066 0.11392 0.12037 0.10958 0.11645 0.11257 0.064351 0.067587 0.062901 0.043471 0.11973 0.055461 0.063487 0.047904 0.061681 0.046104 0.051627 0.099518 0.090816 0.1046 0.084419 0.097571 0.085685 0.10448 0.099918 0.1137 0.10164 0.11359 0.1078 0.080048 0.087128 0.074976 0.091301 0.07931 0.089108 0.11082 0.065774 0.040446 0.094657 0.11542 0.073343 0.071685 0.094277 0.039092 0.042564 0.041202 0.11323 0.11162 0.108 0.10317 0.09905 0.09551 0.06072 0.063713 0.058768 0.049265 0.080161 0.10521 0.061539 0.067821 0.078024 0.055635 0.071874 0.05267 0.059238 0.089697 0.078011 0.094899 0.071048 0.086147 0.074243 0.045238 0.08767 0.055728 0.066122 0.043807 0.048107 0.046473 0.076562 0.073064 0.067255 0.061651 0.06021 0.057846 0.056375 0.058169 0.053304 0.050615 0.054302 0.048766 0.05034 

# Individual 5
0.047293 0.046415 0.050285 0.048263 0.049066 0.052648 0.050943 0.05388 0.055113 0.057159 0.059958 0.064818 0.066395 0.045245 0.047102 0.043845 0.058673 0.053284 0.072561 0.045646 0.06399 0.071323 0.061622 0.075685 0.066025 0.072777 0.056563 0.05203 0.065157 0.05495 0.069245 0.063627 0.054721 0.08025 0.069494 0.05019 0.052242 0.055575 0.052299 0.077143 0.078361 0.080753 0.08193 0.084397 0.08421 0.042377 0.044102 0.04107 0.074964 0.066685 0.062611 0.083673 0.077515 0.04274 0.054871 0.085358 0.072491 0.066062 0.07533 0.06188 0.07202 0.06454 0.080276 0.081384 0.078029 0.07971 0.078426 0.078828 0.075049 0.079911 0.076695 0.084182 0.081801 0.084364 0.052672 0.048219 0.060655 0.050406 0.063117 0.057443 0.079925 0.046494 0.050997 0.052715 0.048839 0.085199 0.0839 0.084667 0.081849 0.083355 0.081944 0.04008 0.041692 0.039399 0.074012 0.078687 0.082057 0.071124 0.059096 0.084855 0.080822 0.040896 0.046634 0.045463 0.049952 0.067722 0.060519 0.055127 0.066119 0.053578 0.057193 0.071732 0.080824 0.0813 0.079691 0.082855 0.07964 0.082648 0.079484 0.079251 0.079909 0.079447 0.081128 0.082004 0.080953 0.083079 0.08272 0.081563 0.083674 0.082548 0.083309 0.084214 0.084567 0.084333 0.085611 0.085434 0.087192 0.085293 0.072671 0.067039 0.078673 0.068074 0.080254 0.075419 0.059587 0.048419 0.045048 0.054481 0.045024 0.04855 0.054801 0.040672 0.038911 0.038782 0.0473 0.085467 0.086152 0.04636 0.081034 0.082643 0.076492 0.060747 0.043779 0.045559 0.041743 0.088754 0.087295 0.093495 0.090044 0.1002 0.097882 0.038777 0.040923 0.038513 0.052544 0.091751 0.066773 0.072141 0.056244 0.065357 0.050679 0.054059 0.08808 0.085001 0.093137 0.083854 0.087026 0.081571 0.08969 0.085543 0.095238 0.083933 0.10036 0.091416 0.050608 0.059083 0.047153 0.066518 0.051265 0.062248 0.098833 0.040662 0.043401 0.079229 0.10319 0.046128 0.070133 0.068991 0.039567 0.041062 0.037526 0.097055 0.095793 0.082703 0.082253 0.069313 0.069494 0.037689 0.039505 0.036394 0.047978 0.057638 0.079965 0.037897 0.061552 0.06499 0.050642 0.055623 0.044763 0.046706 0.060167 0.049107 0.064073 0.043638 0.05471 0.045807 0.038856 0.057158 0.041894 0.041318 0.035895 0.03714 0.034822 0.049995 0.050207 0.043181 0.043493 0.039761 0.039886 0.035201 0.036605 0.03447 0.036037 0.035848 0.03423 0.034151 

# Individual 6
0.044431 0.045355 0.046135 0.048336 0.043011 0.044531 0.041116 0.053022 0.051581 0.057869 0.054383 0.063714 0.061501 0.047075 0.050671 0.048711 0.050347 0.056849 0.064974 0.052401 0.05287 0.060513 0.048315 0.063708 0.050782 0.058938 0.062484 0.059888 0.069677 0.063697 0.073613 0.070093 0.042448 0.070262 0.069801 0.058109 0.039155 0.040595 0.037805 0.073728 0.071398 0.075761 0.072813 0.074376 0.073913 0.04912 0.051332 0.046682 0.062917 0.067876 0.046338 0.072192 0.075373 0.046699 0.039606 0.071141 0.057876 0.049208 0.062199 0.045163 0.056569 0.048271 0.072195 0.072703 0.070677 0.071985 0.073687 0.074066 0.068355 0.071922 0.063502 0.069477 0.062773 0.065133 0.057493 0.051054 0.061465 0.049077 0.057563 0.051959 0.068628 0.04439 0.037331 0.039401 0.037451 0.06869 0.069623 0.065106 0.067385 0.063719 0.064809 0.042317 0.041632 0.038537 0.060022 0.071054 0.059652 0.059111 0.04461 0.063406 0.063267 0.038137 0.037769 0.038157 0.039532 0.054578 0.047479 0.044208 0.055427 0.044852 0.048983 0.061319 0.072907 0.074364 0.068143 0.072119 0.068066 0.070575 0.073243 0.067168 0.064253 0.069404 0.062469 0.063173 0.067037 0.060162 0.06066 0.061577 0.059277 0.060161 0.061223 0.059211 0.060672 0.059878 0.057362 0.05829 0.057241 0.055718 0.056001 0.05199 0.05704 0.049927 0.054987 0.051824 0.049699 0.043243 0.040186 0.045686 0.03877 0.040032 0.043872 0.035737 0.036079 0.035029 0.040477 0.058262 0.061035 0.037873 0.067378 0.068358 0.050013 0.045769 0.039065 0.041795 0.039843 0.057642 0.058641 0.056747 0.058964 0.056828 0.058104 0.033851 0.034721 0.033024 0.047274 0.056258 0.059145 0.062879 0.051757 0.059136 0.048839 0.052319 0.062029 0.065287 0.060745 0.065657 0.061455 0.063001 0.05434 0.051831 0.055047 0.050526 0.054598 0.052569 0.039503 0.043597 0.03757 0.045916 0.039681 0.044029 0.058955 0.034211 0.042567 0.059467 0.055976 0.037918 0.060422 0.046669 0.039863 0.042 0.038839 0.056359 0.058132 0.054233 0.058018 0.05305 0.054919 0.032738 0.034291 0.032953 0.048151 0.051682 0.051869 0.034746 0.056333 0.056659 0.050205 0.051906 0.045555 0.046642 0.04499 0.040382 0.047859 0.038559 0.045898 0.041069 0.040297 0.048569 0.042496 0.039046 0.037318 0.038372 0.035933 0.046014 0.047283 0.041324 0.043176 0.039238 0.039971 0.033432 0.035274 0.033963 0.036791 0.035717 0.034888 0.034447 

# Individual 7
0.036202 0.036006 0.038386 0.037829 0.037013 0.039922 0.038388 0.04245 0.042954 0.046126 0.047723 0.054664 0.056253 0.036085 0.038141 0.036339 0.046042 0.043305 0.067828 0.038553 0.053195 0.066984 0.050793 0.08776 0.061164 0.084728 0.04722 0.043905 0.056651 0.04728 0.062277 0.055483 0.042281 0.11731 0.062059 0.043975 0.040423 0.045229 0.042817 0.077932 0.0841 0.086504 0.10855 0.09944 0.11423 0.036816 0.0391 0.037711 0.11617 0.057586 0.056445 0.11125 0.075104 0.040214 0.04799 0.088569 0.10035 0.068082 0.12819 0.06016 0.099962 0.070244 0.14035 0.11996 0.14964 0.10365 0.15417 0.11695 0.064255 0.073555 0.061843 0.077169 0.063563 0.068893 0.046699 0.044441 0.052465 0.047445 0.054121 0.051936 0.086551 0.046407 0.045214 0.050373 0.047567 0.0852 0.092856 0.073627 0.083199 0.071149 0.074682 0.039393 0.042369 0.041978 0.11807 0.18135 0.061146 0.057968 0.06187 0.067895 0.070724 0.045448 0.049767 0.051497 0.052517 0.09358 0.070311 0.062874 0.098212 0.065614 0.077087 0.12592 0.18477 0.13487 0.17249 0.11875 0.16411 0.14042 0.10803 0.080529 0.073018 0.088013 0.069442 0.071614 0.081882 0.065012 0.064944 0.067034 0.06292 0.06464 0.065574 0.061283 0.063266 0.062799 0.060704 0.061221 0.06072 0.061444 0.058619 0.058123 0.060068 0.061246 0.061225 0.063046 0.054911 0.050154 0.049718 0.054494 0.053215 0.057939 0.058516 0.051373 0.045147 0.047707 0.056623 0.061635 0.068029 0.062658 0.1163 0.090209 0.068219 0.06262 0.055131 0.061659 0.059287 0.061758 0.063163 0.06193 0.064445 0.064257 0.065037 0.05347 0.059666 0.062526 0.073913 0.061423 0.11287 0.11559 0.087058 0.096508 0.079387 0.085448 0.071533 0.081829 0.070553 0.090637 0.075827 0.083193 0.063753 0.068776 0.063543 0.077633 0.067866 0.076486 0.070958 0.069513 0.0799 0.074587 0.094488 0.088669 0.068354 0.072644 0.066061 0.079894 0.067785 0.10511 0.087577 0.092903 0.062537 0.068263 0.065349 0.074254 0.073424 0.085955 0.080904 0.1 0.094251 0.073644 0.086755 0.081374 0.077933 0.10454 0.089368 0.093318 0.08462 0.086079 0.08192 0.095511 0.081603 0.091668 0.11621 0.12501 0.11433 0.12159 0.13624 0.13563 0.072058 0.12521 0.092124 0.11676 0.069733 0.0781 0.074102 0.12992 0.11734 0.12194 0.10547 0.10447 0.099417 0.08289 0.091683 0.08104 0.082404 0.087051 0.076739 0.078261 

# Individual 8
0.057398 0.056024 0.061855 0.058491 0.060191 0.06584 0.062881 0.066789 0.069169 0.071703 0.077823 0.085529 0.09006 0.054266 0.056732 0.052445 0.07627 0.065539 0.10739 0.055043 0.087783 0.1071 0.082665 0.12869 0.093058 0.11777 0.070727 0.064183 0.086124 0.069729 0.096999 0.086459 0.068807 0.16102 0.095353 0.062961 0.063578 0.067906 0.06121 0.11921 0.12821 0.13855 0.16138 0.18051 0.19553 0.050955 0.053771 0.05001 0.13019 0.097385 0.082021 0.23192 0.12464 0.052933 0.063613 0.21733 0.10875 0.087105 0.11183 0.074694 0.09182 0.076692 0.1828 0.21125 0.16332 0.21418 0.17204 0.20382 0.12729 0.14555 0.14326 0.19399 0.18939 0.2257 0.068342 0.061578 0.084849 0.066221 0.093192 0.080442 0.22357 0.060053 0.057528 0.059083 0.05444 0.2747 0.26074 0.30484 0.24264 0.28411 0.24994 0.049557 0.052403 0.049419 0.092447 0.14037 0.20139 0.11984 0.067129 0.29211 0.23197 0.052042 0.052381 0.051638 0.055816 0.078912 0.068519 0.061884 0.076871 0.060702 0.065566 0.087163 0.13914 0.17242 0.11134 0.16748 0.10768 0.13007 0.20956 0.22571 0.22534 0.22918 0.22534 0.23004 0.23219 0.22407 0.25438 0.23577 0.24362 0.23009 0.27853 0.25186 0.29738 0.2931 0.24366 0.26803 0.25381 0.20209 0.12793 0.10645 0.1625 0.1085 0.16546 0.13287 0.086083 0.063856 0.058599 0.075246 0.059094 0.065161 0.076255 0.052711 0.049418 0.049685 0.054037 0.24649 0.22274 0.062277 0.12312 0.20626 0.12743 0.0888 0.051138 0.054001 0.05112 0.22992 0.22181 0.22386 0.21621 0.20605 0.20597 0.050566 0.054198 0.051536 0.061597 0.2277 0.081731 0.09546 0.067749 0.08877 0.063526 0.07132 0.21535 0.19839 0.19495 0.15232 0.16183 0.13953 0.18613 0.14855 0.19835 0.13068 0.17556 0.1431 0.069804 0.085034 0.065302 0.099943 0.073 0.091087 0.19263 0.055572 0.054695 0.13962 0.18461 0.066621 0.10536 0.10285 0.051855 0.056197 0.053147 0.16429 0.16966 0.13632 0.14551 0.11837 0.12189 0.052305 0.056345 0.052789 0.066449 0.10018 0.12548 0.056709 0.095166 0.10874 0.075088 0.094008 0.06861 0.075688 0.090649 0.073298 0.10017 0.066558 0.088488 0.072579 0.05772 0.096255 0.067966 0.066068 0.054184 0.058148 0.054383 0.084619 0.085916 0.07103 0.07237 0.064841 0.065298 0.053246 0.056976 0.053639 0.057425 0.056918 0.053941 0.053753 

# Individual 9
0.037708 0.038309 0.039126 0.040544 0.0376 0.039645 0.038579 0.043734 0.042854 0.047528 0.04547 0.052111 0.050928 0.040274 0.043731 0.043691 0.043817 0.04796 0.0558 0.048683 0.047851 0.054481 0.046923 0.062042 0.052983 0.061436 0.054256 0.055593 0.060273 0.06494 0.070828 0.075475 0.041727 0.07203 0.058373 0.062356 0.041055 0.045515 0.044765 0.065027 0.063786 0.074747 0.072383 0.083972 0.082992 0.047296 0.051926 0.047292 0.070198 0.090054 0.052297 0.093288 0.078537 0.04925 0.050201 0.096239 0.069174 0.059838 0.077237 0.058642 0.077913 0.067209 0.081961 0.091552 0.079608 0.092481 0.083321 0.086513 0.10166 0.093229 0.11567 0.10118 0.12173 0.114 0.068368 0.058458 0.084563 0.059114 0.087776 0.07088 0.094687 0.050405 0.048829 0.054727 0.052505 0.10351 0.10117 0.10993 0.10145 0.10758 0.10249 0.043754 0.044292 0.04009 0.088058 0.082194 0.12492 0.10585 0.064755 0.115 0.095415 0.040405 0.055491 0.05762 0.058402 0.087968 0.073875 0.069366 0.097754 0.073933 0.086871 0.10882 0.085537 0.083261 0.091742 0.082967 0.09897 0.091246 0.083274 0.088021 0.088127 0.082684 0.083172 0.078771 0.078962 0.085251 0.10094 0.095483 0.096009 0.09057 0.1067 0.12254 0.11775 0.11141 0.11563 0.10615 0.10695 0.1077 0.10136 0.081083 0.11386 0.074215 0.10332 0.083646 0.068858 0.050206 0.044542 0.057374 0.042634 0.045337 0.053885 0.037596 0.037475 0.036314 0.064029 0.096468 0.075706 0.041341 0.093923 0.078373 0.073196 0.059465 0.062171 0.071438 0.068337 0.08778 0.082495 0.086468 0.077105 0.077267 0.073977 0.034908 0.036189 0.033634 0.087362 0.095295 0.11935 0.1145 0.10772 0.11809 0.10552 0.12246 0.073249 0.076158 0.070884 0.081722 0.072804 0.081142 0.0939 0.078459 0.090034 0.066582 0.076934 0.067592 0.044052 0.053099 0.040002 0.058175 0.042617 0.051104 0.069934 0.035009 0.080952 0.071225 0.073095 0.039121 0.096097 0.054718 0.074534 0.085896 0.073187 0.066276 0.066732 0.061078 0.066039 0.058616 0.062756 0.032872 0.034563 0.033137 0.10948 0.064167 0.059476 0.035481 0.093267 0.078085 0.10206 0.072927 0.085674 0.074834 0.048764 0.041902 0.05192 0.039723 0.04903 0.043373 0.074666 0.053448 0.063672 0.042519 0.061746 0.058939 0.051083 0.052992 0.05861 0.047321 0.057719 0.046925 0.051405 0.034813 0.038032 0.037771 0.048842 0.041761 0.044381 0.041433 

# Individual 10
0.052161 0.052507 0.054318 0.055037 0.051685 0.053899 0.050694 0.059688 0.059364 0.063075 0.062558 0.067917 0.067882 0.053203 0.055888 0.0537 0.059778 0.06108 0.071232 0.056328 0.062934 0.06928 0.059025 0.072436 0.061474 0.068667 0.064133 0.061607 0.068942 0.064311 0.070931 0.069025 0.052656 0.077753 0.070779 0.062183 0.048954 0.050366 0.046571 0.074287 0.074953 0.076233 0.078189 0.080129 0.081466 0.054043 0.056832 0.054828 0.070842 0.072445 0.056464 0.086656 0.074668 0.058312 0.047501 0.083963 0.064897 0.057854 0.065723 0.052658 0.059446 0.05347 0.081466 0.087174 0.07802 0.091605 0.079758 0.08719 0.077639 0.077792 0.085816 0.083357 0.093936 0.09089 0.066185 0.064763 0.072285 0.070744 0.080265 0.080542 0.098031 0.067838 0.044172 0.044935 0.042293 0.089854 0.091163 0.096838 0.098046 0.10338 0.10339 0.056188 0.059978 0.057007 0.059926 0.073013 0.11031 0.089418 0.04909 0.098785 0.11025 0.060096 0.040992 0.040463 0.043051 0.054686 0.04983 0.046432 0.053928 0.045765 0.048374 0.058487 0.073233 0.080728 0.06633 0.081375 0.065822 0.073048 0.088171 0.10169 0.10876 0.096034 0.11514 0.11175 0.099089 0.12762 0.11879 0.11636 0.13087 0.1258 0.11335 0.12094 0.11177 0.11999 0.14979 0.13923 0.15936 0.17394 0.10606 0.10787 0.12059 0.12112 0.15157 0.14666 0.091304 0.07331 0.067786 0.085505 0.067448 0.073654 0.087704 0.058769 0.056518 0.055828 0.04187 0.14311 0.12238 0.066669 0.072285 0.091739 0.13714 0.10116 0.039933 0.041544 0.039423 0.15982 0.14513 0.18354 0.14308 0.16976 0.15045 0.054044 0.05639 0.050602 0.046075 0.19304 0.056237 0.062206 0.049257 0.058789 0.046456 0.050009 0.11179 0.095301 0.11151 0.082776 0.09019 0.079642 0.19933 0.15228 0.20402 0.11323 0.15585 0.11517 0.071549 0.09061 0.061617 0.10015 0.064163 0.080883 0.12499 0.051991 0.04122 0.07889 0.14602 0.055025 0.065309 0.084515 0.038906 0.040749 0.038348 0.10998 0.10539 0.088362 0.083779 0.072292 0.070938 0.046415 0.047322 0.042834 0.04637 0.059196 0.088504 0.043727 0.059081 0.063775 0.049589 0.056228 0.045406 0.04797 0.068814 0.05664 0.070657 0.049692 0.059724 0.051044 0.040102 0.06094 0.044142 0.04598 0.037876 0.039537 0.037647 0.053504 0.052863 0.047215 0.046277 0.043544 0.043164 0.040356 0.041331 0.038817 0.039233 0.039834 0.037658 0.037915 

# Individual 11
0.070097 0.072517 0.073144 0.078592 0.065248 0.066994 0.058883 0.08854 0.085541 0.097034 0.091503 0.11081 0.11001 0.075293 0.08082 0.075596 0.079772 0.091656 0.12158 0.079735 0.082976 0.10381 0.070559 0.10877 0.073069 0.089391 0.096109 0.089694 0.10538 0.091192 0.10234 0.095272 0.059938 0.14122 0.11682 0.084292 0.053568 0.055379 0.050788 0.13154 0.14387 0.12374 0.16041 0.13251 0.16066 0.072977 0.075193 0.067313 0.09479 0.090768 0.064545 0.16779 0.10656 0.067279 0.053461 0.11655 0.084177 0.069235 0.093656 0.062621 0.082431 0.06736 0.14493 0.17209 0.11821 0.16733 0.12712 0.15108 0.089912 0.097729 0.083355 0.10021 0.083865 0.092162 0.082807 0.074171 0.085486 0.070472 0.079286 0.072758 0.16454 0.062704 0.049314 0.05166 0.047615 0.12228 0.14631 0.10993 0.14866 0.11608 0.13318 0.059847 0.058481 0.05284 0.087109 0.11624 0.079466 0.078167 0.059797 0.096473 0.13853 0.051373 0.045727 0.044715 0.049194 0.073429 0.062204 0.055381 0.070613 0.053761 0.058203 0.080397 0.12866 0.15591 0.10786 0.16206 0.10391 0.12519 0.16226 0.16494 0.15578 0.17349 0.16061 0.18069 0.18853 0.14472 0.11601 0.12975 0.11809 0.13226 0.10892 0.083361 0.091597 0.097921 0.083066 0.099252 0.093149 0.076838 0.072579 0.067528 0.073667 0.062999 0.071063 0.065252 0.067048 0.059289 0.05393 0.061245 0.050234 0.050855 0.056476 0.045365 0.047575 0.044992 0.046791 0.11281 0.18599 0.046286 0.10886 0.18856 0.063032 0.057352 0.043264 0.045229 0.041471 0.12524 0.1448 0.11978 0.16454 0.13316 0.15516 0.041527 0.041796 0.038497 0.052782 0.10089 0.071258 0.0805 0.057085 0.068925 0.050881 0.054769 0.18474 0.17465 0.15014 0.12651 0.11213 0.10252 0.079136 0.070565 0.092939 0.071171 0.099735 0.084718 0.047237 0.052937 0.043591 0.055834 0.04598 0.053027 0.14599 0.039168 0.043303 0.089785 0.11837 0.043098 0.076239 0.059696 0.039674 0.041459 0.038221 0.11036 0.1164 0.088846 0.093334 0.075321 0.076225 0.036622 0.038077 0.035994 0.048558 0.062199 0.080173 0.037987 0.064499 0.069544 0.051938 0.05917 0.046264 0.049027 0.056413 0.046921 0.063921 0.043546 0.056925 0.047164 0.039984 0.061228 0.044159 0.043169 0.037207 0.038866 0.03652 0.05361 0.053927 0.045796 0.046268 0.042126 0.042312 0.035958 0.037949 0.035963 0.037994 0.037708 0.036027 0.035909 

# Individual 12
0.049593 0.046884 0.054861 0.048156 0.055941 0.065017 0.067376 0.055858 0.06059 0.058396 0.071085 0.070498 0.080094 0.043446 0.044415 0.040152 0.075355 0.051322 0.1001 0.040958 0.097928 0.11793 0.10847 0.15752 0.16709 0.19594 0.053052 0.046825 0.062889 0.048176 0.063897 0.055908 0.085029 0.13189 0.073445 0.043295 0.089352 0.12619 0.12498 0.086924 0.10337 0.083342 0.11213 0.086831 0.096426 0.037418 0.038339 0.035645 0.15987 0.057285 0.18621 0.090188 0.072691 0.036902 0.15731 0.079894 0.15852 0.20982 0.11818 0.17927 0.11132 0.13039 0.11286 0.093608 0.11736 0.085626 0.098075 0.086922 0.064746 0.070911 0.066365 0.074807 0.071802 0.073956 0.044936 0.04129 0.05164 0.043387 0.054083 0.049555 0.080449 0.040544 0.1195 0.10343 0.080454 0.079432 0.082405 0.07675 0.079582 0.076933 0.077686 0.034915 0.036494 0.03494 0.089502 0.098662 0.074124 0.061778 0.10523 0.075681 0.077767 0.036666 0.061409 0.054572 0.070645 0.080529 0.083866 0.071991 0.068949 0.0619 0.060789 0.067454 0.08655 0.081434 0.082967 0.077195 0.074031 0.073205 0.081946 0.078996 0.078395 0.079502 0.079557 0.080146 0.078916 0.080965 0.078109 0.078104 0.080071 0.079813 0.077368 0.077375 0.076972 0.07816 0.080505 0.080719 0.082606 0.080637 0.064737 0.059932 0.071694 0.062462 0.074992 0.070609 0.052405 0.042834 0.040429 0.048454 0.041267 0.044968 0.049964 0.037851 0.035321 0.035801 0.05395 0.081792 0.082856 0.044348 0.068311 0.077693 0.073151 0.056233 0.047038 0.046524 0.041375 0.085215 0.084479 0.088207 0.086028 0.090847 0.088981 0.037009 0.039709 0.038511 0.05266 0.086675 0.059695 0.060734 0.052494 0.054775 0.046537 0.047469 0.081386 0.077249 0.081015 0.071433 0.071908 0.067193 0.084634 0.081438 0.088532 0.081015 0.090244 0.084848 0.049458 0.056654 0.047995 0.065002 0.053578 0.063569 0.085253 0.041683 0.041329 0.06532 0.090359 0.049607 0.057576 0.07052 0.037544 0.03808 0.035312 0.083219 0.080119 0.074817 0.069175 0.06417 0.061763 0.039595 0.042398 0.039294 0.042819 0.052601 0.076024 0.041064 0.05182 0.055 0.044501 0.049561 0.040747 0.042848 0.063413 0.053135 0.065332 0.047247 0.056218 0.048571 0.036383 0.056176 0.039838 0.043398 0.034356 0.035812 0.034244 0.049367 0.047968 0.044058 0.04208 0.040359 0.039581 0.037808 0.038847 0.036188 0.035876 0.036981 0.034545 0.034993 

# Individual 13
0.043645 0.040917 0.047713 0.041233 0.050123 0.057332 0.060836 0.046024 0.050138 0.046685 0.056561 0.053043 0.059166 0.037784 0.038237 0.035752 0.061794 0.042296 0.068396 0.036914 0.073619 0.077738 0.081753 0.091364 0.098254 0.10169 0.04334 0.040556 0.048706 0.042959 0.050528 0.047701 0.072499 0.091929 0.054105 0.041903 0.074218 0.088356 0.082296 0.062039 0.070359 0.063356 0.081052 0.072077 0.081226 0.035518 0.037818 0.03688 0.1091 0.051491 0.10645 0.089457 0.057138 0.03982 0.093307 0.073184 0.12787 0.1285 0.13878 0.1246 0.17262 0.14314 0.098099 0.095493 0.10207 0.094681 0.099819 0.09371 0.056718 0.059504 0.060976 0.066748 0.065855 0.068904 0.045999 0.044954 0.051267 0.049008 0.0566 0.055531 0.093982 0.046078 0.079645 0.085466 0.072603 0.08106 0.088461 0.081664 0.093056 0.087517 0.092415 0.038251 0.040741 0.038483 0.17892 0.11283 0.069197 0.061431 0.11271 0.075705 0.093984 0.04022 0.066227 0.062943 0.075836 0.15837 0.11889 0.093697 0.14037 0.086795 0.098297 0.1448 0.11278 0.095753 0.14358 0.091986 0.13628 0.10372 0.09052 0.091487 0.092124 0.088033 0.089427 0.085033 0.084445 0.090664 0.090586 0.093345 0.090598 0.092351 0.087201 0.073319 0.076809 0.082096 0.075746 0.08349 0.080469 0.074538 0.06605 0.065131 0.069243 0.066558 0.072112 0.070612 0.059259 0.048567 0.044787 0.054942 0.044322 0.047731 0.054771 0.039377 0.037923 0.037541 0.067302 0.088243 0.08152 0.0445 0.090521 0.08306 0.069405 0.060001 0.057721 0.060266 0.050443 0.087453 0.087662 0.084052 0.083175 0.079661 0.078382 0.03695 0.038794 0.036019 0.078174 0.081593 0.10765 0.090548 0.081243 0.068638 0.061874 0.05879 0.075707 0.077302 0.070207 0.076025 0.06368 0.066205 0.075452 0.072033 0.077878 0.067691 0.074867 0.068813 0.047978 0.056577 0.043803 0.0614 0.046865 0.055872 0.07164 0.037775 0.050499 0.057252 0.074723 0.042212 0.061197 0.059121 0.042584 0.04172 0.036731 0.067615 0.065885 0.061356 0.058529 0.054276 0.053134 0.034902 0.036501 0.033782 0.047687 0.046849 0.061797 0.03516 0.051703 0.050839 0.045949 0.045579 0.040369 0.040621 0.052421 0.044482 0.053971 0.04 0.047595 0.041486 0.036471 0.048242 0.037322 0.037781 0.033561 0.034057 0.032187 0.043371 0.042905 0.038876 0.03844 0.03614 0.036016 0.032796 0.033964 0.032073 0.033083 0.033125 0.031681 0.031673 

# Individual 14
0.038985 0.04039 0.040075 0.043362 0.03708 0.038051 0.035061 0.047074 0.045007 0.052149 0.047242 0.057651 0.054611 0.043318 0.047407 0.04726 0.043115 0.052579 0.058485 0.052501 0.045166 0.053013 0.04075 0.056191 0.042378 0.049718 0.059412 0.059493 0.066643 0.067155 0.074485 0.074887 0.035921 0.065866 0.065347 0.066262 0.033222 0.034085 0.032007 0.071436 0.067756 0.078324 0.071716 0.081172 0.078541 0.051707 0.057483 0.055246 0.051475 0.081685 0.038242 0.08008 0.079644 0.060521 0.03311 0.084141 0.045414 0.03958 0.046716 0.036524 0.042727 0.038168 0.067858 0.075305 0.060015 0.074826 0.060171 0.067369 0.085003 0.083262 0.090816 0.084964 0.091234 0.087907 0.07439 0.071206 0.083775 0.078498 0.094115 0.093205 0.079902 0.070867 0.031797 0.033333 0.03261 0.085453 0.083742 0.088086 0.084264 0.089079 0.08702 0.056442 0.060318 0.055511 0.044835 0.053243 0.097494 0.098739 0.036363 0.089572 0.086788 0.058212 0.034133 0.035587 0.034568 0.042638 0.038592 0.037555 0.045046 0.039485 0.042963 0.049983 0.054235 0.060458 0.050129 0.062458 0.052663 0.059027 0.066497 0.078501 0.082616 0.072326 0.08351 0.08056 0.073521 0.089022 0.091867 0.089249 0.093497 0.090423 0.091829 0.097172 0.093317 0.094269 0.10201 0.097204 0.10062 0.10945 0.10948 0.11533 0.10731 0.12056 0.11532 0.12553 0.10172 0.075135 0.0668 0.089914 0.06564 0.07262 0.088921 0.056427 0.053927 0.053175 0.037891 0.096057 0.085737 0.066439 0.064612 0.06975 0.12522 0.10301 0.039271 0.043344 0.046055 0.097255 0.093248 0.10149 0.093084 0.10441 0.10071 0.052405 0.055922 0.05166 0.045556 0.10339 0.054267 0.063035 0.052023 0.073031 0.057762 0.069479 0.084947 0.075568 0.095865 0.074462 0.098976 0.086837 0.11316 0.12114 0.10861 0.11487 0.11001 0.11051 0.074229 0.094365 0.066763 0.10799 0.074355 0.09483 0.10368 0.055445 0.053326 0.1078 0.10857 0.066147 0.087128 0.10211 0.056303 0.065543 0.06364 0.10921 0.10975 0.10382 0.10866 0.09656 0.099965 0.05121 0.055112 0.05112 0.075304 0.090764 0.10286 0.054874 0.095938 0.10246 0.086079 0.092452 0.079919 0.081622 0.088248 0.072075 0.091317 0.064421 0.08094 0.068904 0.068786 0.084689 0.072036 0.06307 0.062512 0.064072 0.058374 0.07743 0.080163 0.067387 0.072 0.063099 0.065103 0.051416 0.055054 0.052284 0.059221 0.055965 0.055063 0.05367 

# Individual 15
0.036462 0.036526 0.038479 0.03863 0.036509 0.038683 0.036289 0.043407 0.043295 0.04755 0.047212 0.055658 0.055288 0.036804 0.039127 0.036948 0.044387 0.044914 0.062602 0.03931 0.048555 0.058314 0.044633 0.065035 0.048167 0.058226 0.049513 0.045604 0.060182 0.049473 0.068521 0.060324 0.038391 0.079401 0.063941 0.045114 0.035628 0.037382 0.03456 0.077112 0.075597 0.091304 0.086308 0.10762 0.10323 0.037063 0.039459 0.037746 0.062189 0.063775 0.043327 0.11452 0.0862 0.0405 0.035941 0.12383 0.054145 0.045622 0.056024 0.040905 0.049133 0.042486 0.085832 0.10316 0.075016 0.10918 0.07745 0.09341 0.077141 0.093505 0.07403 0.11171 0.083113 0.10368 0.048093 0.04529 0.055513 0.048384 0.057073 0.053322 0.13388 0.046608 0.033483 0.034709 0.032764 0.13941 0.13564 0.13944 0.14857 0.14677 0.15969 0.039322 0.04219 0.040804 0.050704 0.066469 0.075538 0.063551 0.038734 0.11351 0.15888 0.043083 0.032419 0.032453 0.033964 0.045501 0.040188 0.037339 0.045757 0.037426 0.04045 0.051533 0.068082 0.081442 0.059102 0.083985 0.059942 0.070858 0.096322 0.13886 0.15401 0.11746 0.1436 0.13306 0.12074 0.12622 0.12756 0.14509 0.11308 0.12823 0.12506 0.080564 0.096837 0.10163 0.074799 0.091374 0.080116 0.067609 0.06254 0.058802 0.066633 0.05884 0.064492 0.060807 0.055292 0.049195 0.047046 0.053197 0.047223 0.049774 0.053667 0.04317 0.041312 0.041312 0.034058 0.098661 0.11343 0.047343 0.07044 0.10271 0.059241 0.056083 0.032893 0.034919 0.033595 0.092203 0.10326 0.080604 0.098665 0.075259 0.081811 0.040831 0.042425 0.039296 0.039109 0.075746 0.050342 0.058078 0.043126 0.05475 0.041228 0.045599 0.1017 0.099653 0.08371 0.082052 0.073606 0.073223 0.06492 0.060373 0.067751 0.057215 0.064072 0.058356 0.049371 0.054296 0.045487 0.055713 0.046647 0.051994 0.076407 0.040386 0.035991 0.062452 0.066887 0.042346 0.060433 0.052624 0.034257 0.036549 0.034323 0.062479 0.065729 0.056128 0.060323 0.05207 0.053459 0.03705 0.037821 0.034951 0.042234 0.048379 0.054468 0.035768 0.053335 0.054598 0.045181 0.04812 0.040935 0.042414 0.048252 0.043205 0.049195 0.039595 0.045317 0.040702 0.036048 0.04674 0.038814 0.037908 0.03378 0.035044 0.033142 0.04339 0.04393 0.039222 0.039816 0.036968 0.037165 0.033576 0.034576 0.032899 0.034201 0.034005 0.032704 0.032642 

# Individual 16
0.044269 0.044584 0.046305 0.046906 0.044397 0.047094 0.045165 0.051272 0.051088 0.055197 0.05514 0.062067 0.0625 0.045792 0.048774 0.048008 0.053078 0.053674 0.07048 0.051964 0.0589 0.069308 0.05658 0.08164 0.064803 0.079867 0.058479 0.05744 0.065921 0.063163 0.072266 0.070154 0.048844 0.097251 0.068339 0.062796 0.046909 0.051824 0.049709 0.078527 0.080919 0.086108 0.094099 0.097198 0.10321 0.05157 0.056542 0.055827 0.096908 0.075442 0.061797 0.11445 0.081681 0.06098 0.055672 0.099443 0.092097 0.072265 0.10873 0.067669 0.098632 0.07825 0.11515 0.12222 0.11809 0.12538 0.13115 0.12916 0.081086 0.085557 0.08159 0.091928 0.082674 0.087919 0.068955 0.068155 0.074713 0.073321 0.078711 0.078635 0.11479 0.070412 0.05291 0.058937 0.055192 0.10401 0.11209 0.096223 0.11044 0.094829 0.10077 0.058903 0.063074 0.059788 0.10665 0.12791 0.079207 0.080448 0.071315 0.088254 0.093998 0.062691 0.055673 0.055351 0.060005 0.094043 0.078681 0.070508 0.09061 0.069753 0.075878 0.094101 0.12554 0.11789 0.1172 0.10198 0.10567 0.097469 0.11895 0.10526 0.0947 0.10603 0.084408 0.081824 0.092178 0.07711 0.083519 0.08691 0.0771 0.079556 0.085455 0.077527 0.081223 0.079675 0.073199 0.074008 0.070816 0.072181 0.08043 0.081299 0.078559 0.080193 0.076005 0.077009 0.080822 0.073544 0.069145 0.078876 0.068356 0.071922 0.078095 0.061258 0.059138 0.058492 0.05914 0.07284 0.070854 0.067077 0.080503 0.089426 0.073149 0.079174 0.05335 0.055405 0.047876 0.067717 0.069129 0.063799 0.065714 0.058835 0.059136 0.057007 0.059226 0.05382 0.066393 0.06576 0.079254 0.073338 0.067204 0.05905 0.055208 0.052192 0.067069 0.074959 0.058008 0.070625 0.053835 0.058479 0.067555 0.067568 0.063478 0.061645 0.058203 0.056578 0.06896 0.075035 0.061944 0.072544 0.060829 0.065579 0.055276 0.05468 0.047375 0.047389 0.05559 0.052981 0.053624 0.060516 0.040617 0.039281 0.035 0.051046 0.05044 0.048407 0.04665 0.044432 0.043401 0.048605 0.047842 0.042377 0.043591 0.040062 0.051064 0.040973 0.045445 0.043601 0.041482 0.039637 0.036991 0.036688 0.053237 0.050102 0.049138 0.043964 0.044009 0.041764 0.034374 0.042157 0.03451 0.038038 0.032129 0.032409 0.031275 0.039026 0.038034 0.037117 0.035357 0.034953 0.034174 0.037151 0.036157 0.033846 0.032162 0.033482 0.031511 0.032091 

# Individual 17
0.037307 0.036105 0.039797 0.036968 0.040232 0.04424 0.045259 0.040758 0.042529 0.042481 0.046767 0.047957 0.050626 0.034732 0.035707 0.033593 0.048287 0.03963 0.057447 0.034757 0.055935 0.061605 0.059507 0.074263 0.07401 0.085094 0.041692 0.038887 0.047632 0.041243 0.051339 0.047729 0.051966 0.078491 0.051036 0.038319 0.052834 0.062271 0.060442 0.058377 0.062079 0.062861 0.071146 0.070982 0.07532 0.032774 0.034097 0.032259 0.10657 0.051489 0.07673 0.084374 0.059345 0.033653 0.069467 0.075246 0.11666 0.094675 0.13321 0.087428 0.12347 0.099024 0.091682 0.092293 0.10724 0.1013 0.11992 0.11261 0.060015 0.064064 0.064082 0.071945 0.07197 0.075235 0.040623 0.037649 0.04717 0.039704 0.050264 0.045605 0.098888 0.037018 0.064484 0.071173 0.065349 0.081604 0.086209 0.083091 0.09217 0.086414 0.09066 0.032033 0.033446 0.03208 0.12847 0.13604 0.074782 0.058777 0.086665 0.080116 0.092834 0.033477 0.064782 0.064436 0.070083 0.11134 0.092869 0.081948 0.10758 0.08078 0.089054 0.1172 0.1382 0.12744 0.13917 0.12283 0.13168 0.12558 0.11699 0.10226 0.097506 0.1094 0.095272 0.09744 0.1066 0.089408 0.086809 0.090051 0.085855 0.088618 0.085414 0.079457 0.081128 0.083098 0.081187 0.083167 0.082586 0.079311 0.061718 0.055555 0.070191 0.057099 0.07261 0.065701 0.048005 0.038861 0.03662 0.043845 0.03715 0.040153 0.044703 0.034325 0.032325 0.032689 0.068978 0.084123 0.090878 0.039539 0.11296 0.11066 0.066698 0.050225 0.063791 0.067946 0.061713 0.083246 0.085355 0.081535 0.085037 0.079587 0.08068 0.033729 0.035939 0.03543 0.08071 0.082052 0.10432 0.10475 0.086863 0.089617 0.07613 0.077818 0.091422 0.10149 0.083616 0.10187 0.08195 0.0895 0.080422 0.075242 0.081499 0.073819 0.079163 0.076396 0.043762 0.049985 0.043153 0.057643 0.048722 0.056941 0.079133 0.038435 0.06454 0.074463 0.077725 0.047571 0.084653 0.064846 0.057887 0.0591 0.053361 0.074668 0.074955 0.071664 0.072138 0.067755 0.067977 0.03793 0.041662 0.040814 0.067457 0.063972 0.072014 0.044584 0.073605 0.070584 0.066762 0.064357 0.059583 0.059435 0.06183 0.05322 0.06591 0.050743 0.061403 0.054677 0.053932 0.063086 0.054839 0.051581 0.049756 0.050476 0.04746 0.059318 0.059843 0.054152 0.055477 0.051416 0.052076 0.043141 0.046264 0.044539 0.048363 0.047018 0.046001 0.045375 

# Individual 18
0.034843 0.036677 0.03512 0.039382 0.032672 0.033101 0.031138 0.040912 0.03835 0.044673 0.038882 0.045793 0.042649 0.040804 0.045257 0.046726 0.036148 0.047928 0.043705 0.053006 0.037283 0.041243 0.035245 0.043837 0.037392 0.042223 0.054519 0.059276 0.055428 0.068987 0.062215 0.071936 0.032032 0.048783 0.050109 0.068941 0.030505 0.031914 0.030508 0.050713 0.047796 0.054956 0.05003 0.056039 0.054273 0.051892 0.057511 0.0524 0.046283 0.080498 0.0356 0.058109 0.0603 0.055615 0.032085 0.060234 0.044009 0.03825 0.047562 0.035962 0.043686 0.038149 0.053413 0.058698 0.052756 0.06445 0.057988 0.06454 0.075064 0.065443 0.079277 0.063874 0.073779 0.068019 0.076128 0.066945 0.086723 0.069456 0.089961 0.081676 0.068666 0.060007 0.030597 0.032009 0.030547 0.06236 0.061972 0.066351 0.066731 0.068903 0.069488 0.049763 0.05171 0.047102 0.045683 0.054874 0.076343 0.088223 0.035519 0.068321 0.073863 0.048629 0.03043 0.030467 0.031731 0.041579 0.037061 0.034673 0.041635 0.034706 0.037144 0.045933 0.057622 0.064672 0.052111 0.065873 0.052397 0.058893 0.068613 0.073525 0.075991 0.073509 0.079154 0.079583 0.076099 0.079987 0.074333 0.075323 0.077085 0.078207 0.072136 0.074253 0.071649 0.07294 0.075759 0.075516 0.076192 0.077226 0.086947 0.08538 0.081583 0.080345 0.080074 0.079809 0.080312 0.061189 0.054588 0.069979 0.053116 0.057059 0.066666 0.046757 0.045243 0.044527 0.031809 0.077685 0.080754 0.052778 0.057674 0.072496 0.075172 0.071552 0.030752 0.032341 0.031233 0.080134 0.08129 0.079947 0.081739 0.080209 0.080641 0.043859 0.046188 0.0433 0.035776 0.078008 0.04434 0.049439 0.038716 0.047133 0.037104 0.040549 0.077522 0.072625 0.07527 0.064532 0.067412 0.061736 0.076629 0.074989 0.077371 0.072015 0.076963 0.073554 0.056511 0.065608 0.052194 0.06873 0.055584 0.06348 0.077514 0.045715 0.033149 0.063329 0.078041 0.051667 0.05256 0.066198 0.032106 0.034444 0.033534 0.074738 0.073723 0.070329 0.067121 0.064743 0.062794 0.042984 0.045472 0.042858 0.038831 0.055638 0.06999 0.045149 0.049669 0.054731 0.042688 0.051549 0.040937 0.044861 0.0619 0.054782 0.064105 0.050893 0.059098 0.052986 0.036271 0.059534 0.042972 0.048767 0.035395 0.038288 0.037271 0.054222 0.052375 0.04956 0.046451 0.04572 0.044367 0.042408 0.044015 0.041241 0.039977 0.042136 0.038769 0.0397 

# Individual 19
0.030647 0.030915 0.031993 0.032633 0.030561 0.032168 0.030718 0.035854 0.035433 0.039089 0.038049 0.044343 0.043643 0.031754 0.034 0.03304 0.036144 0.038113 0.04873 0.035925 0.039395 0.046311 0.03728 0.05272 0.041214 0.049569 0.042558 0.041303 0.049773 0.046944 0.058345 0.056746 0.032686 0.064202 0.050502 0.044574 0.031273 0.033653 0.032286 0.058946 0.057766 0.069674 0.06673 0.081028 0.079181 0.034679 0.037938 0.036019 0.056794 0.066166 0.03883 0.090354 0.070114 0.038852 0.034997 0.094601 0.052471 0.043206 0.059254 0.040506 0.053903 0.044829 0.074449 0.088285 0.070236 0.096897 0.079399 0.092497 0.080625 0.083202 0.088273 0.096383 0.09945 0.10527 0.049873 0.04551 0.060909 0.048537 0.065909 0.057399 0.10517 0.043559 0.033615 0.036426 0.034957 0.10355 0.10125 0.11147 0.10767 0.11331 0.11187 0.036277 0.038207 0.035627 0.059154 0.072735 0.097182 0.078277 0.041875 0.11092 0.11128 0.036919 0.036046 0.036794 0.037595 0.053577 0.04564 0.04262 0.055368 0.043794 0.048438 0.062974 0.078585 0.089355 0.070547 0.089025 0.072392 0.080511 0.096122 0.10623 0.10825 0.10159 0.10535 0.10116 0.099361 0.10489 0.11106 0.11091 0.10715 0.10749 0.11237 0.10151 0.10867 0.10891 0.096453 0.10397 0.098714 0.088168 0.077704 0.066919 0.086267 0.064292 0.082194 0.071287 0.058368 0.04497 0.040937 0.051135 0.040205 0.04307 0.049715 0.035927 0.034759 0.034362 0.039368 0.10383 0.096213 0.040346 0.076137 0.09316 0.067023 0.054673 0.038116 0.041029 0.038909 0.099191 0.099904 0.09449 0.095751 0.089003 0.089378 0.033956 0.035635 0.033593 0.046838 0.093921 0.060631 0.066101 0.051709 0.059619 0.047983 0.050926 0.089176 0.087674 0.082003 0.078747 0.072637 0.070856 0.083644 0.073415 0.087079 0.068185 0.081536 0.072586 0.043499 0.051037 0.040541 0.056405 0.044012 0.052231 0.082789 0.035461 0.04141 0.065139 0.082718 0.040872 0.061475 0.057521 0.038263 0.039776 0.036503 0.075673 0.075377 0.067711 0.066959 0.060387 0.06001 0.033463 0.035539 0.033573 0.045611 0.052372 0.065957 0.035652 0.054455 0.056276 0.047076 0.050451 0.04244 0.043989 0.052551 0.044297 0.056431 0.040828 0.050697 0.04353 0.037617 0.052775 0.040342 0.040016 0.034984 0.036187 0.03412 0.047503 0.047392 0.04191 0.041932 0.038886 0.038932 0.03368 0.035508 0.033647 0.035356 0.035177 0.033647 0.033554 

# Individual 20
0.061514 0.061786 0.0661 0.066908 0.061535 0.066525 0.061214 0.078462 0.077667 0.089613 0.087139 0.11103 0.10863 0.062682 0.068669 0.062886 0.079977 0.083771 0.12847 0.06869 0.090426 0.11597 0.081128 0.13272 0.090468 0.11544 0.097685 0.087116 0.12791 0.097455 0.14947 0.12633 0.066231 0.15843 0.13597 0.07939 0.060013 0.06412 0.057157 0.17005 0.16425 0.18135 0.17409 0.16708 0.16671 0.060462 0.063385 0.053863 0.12336 0.1181 0.078671 0.14814 0.16867 0.053402 0.059537 0.14541 0.10567 0.084178 0.10973 0.071214 0.088707 0.072834 0.14979 0.145 0.1407 0.14238 0.14787 0.1549 0.12221 0.14333 0.10208 0.1352 0.10555 0.12069 0.078016 0.061996 0.091701 0.058056 0.079317 0.064383 0.13901 0.049411 0.052936 0.054008 0.048821 0.1382 0.13966 0.13228 0.13573 0.13383 0.13493 0.046127 0.045021 0.04062 0.087711 0.13718 0.096709 0.084621 0.062056 0.12486 0.13747 0.040049 0.045683 0.044241 0.049434 0.072179 0.062272 0.054947 0.068004 0.052611 0.056381 0.076817 0.14135 0.18136 0.10798 0.18113 0.10027 0.12501 0.18074 0.14777 0.1444 0.17619 0.15293 0.17661 0.20582 0.14703 0.1377 0.13853 0.14106 0.14233 0.13469 0.10633 0.12071 0.12927 0.10519 0.13176 0.12278 0.091187 0.07565 0.064492 0.08244 0.060399 0.078628 0.067113 0.059259 0.047506 0.042875 0.051552 0.040907 0.042706 0.048522 0.036971 0.037384 0.036087 0.045971 0.14122 0.18552 0.0399 0.11042 0.23436 0.064972 0.052026 0.042461 0.044245 0.040833 0.14624 0.15087 0.14382 0.1628 0.14872 0.16313 0.034746 0.03589 0.03405 0.051234 0.12933 0.068682 0.079504 0.055437 0.070397 0.050225 0.05531 0.23141 0.22673 0.2058 0.14452 0.15317 0.12182 0.093042 0.077307 0.11408 0.07779 0.11817 0.097368 0.042482 0.048883 0.040335 0.054634 0.04458 0.052803 0.17745 0.035838 0.042899 0.12203 0.13785 0.042941 0.083743 0.062734 0.039817 0.042422 0.039647 0.13681 0.15394 0.1132 0.13113 0.10008 0.10426 0.034443 0.037217 0.035968 0.050266 0.080733 0.095588 0.039555 0.073208 0.086293 0.056344 0.073148 0.050994 0.056858 0.061058 0.049276 0.074243 0.046842 0.068111 0.053667 0.04271 0.07773 0.050816 0.049163 0.039954 0.042949 0.040085 0.066814 0.067571 0.054133 0.054977 0.048777 0.049086 0.037864 0.041443 0.039141 0.042533 0.042058 0.039772 0.039571 

# Individual 21
0.029858 0.030154 0.031206 0.031924 0.029563 0.030988 0.029153 0.035291 0.034805 0.038586 0.037348 0.043901 0.043022 0.030891 0.03307 0.031787 0.035058 0.037375 0.047473 0.034328 0.03771 0.044272 0.034838 0.048252 0.037093 0.043636 0.041572 0.039705 0.048771 0.044315 0.055916 0.053175 0.030548 0.056841 0.049819 0.041179 0.028632 0.029915 0.028195 0.057271 0.055593 0.06545 0.06112 0.071602 0.068917 0.032631 0.035167 0.032907 0.04589 0.058912 0.033893 0.071173 0.065343 0.034849 0.029484 0.076889 0.040957 0.035571 0.042332 0.032857 0.038778 0.0345 0.059493 0.066141 0.053178 0.06512 0.053477 0.059065 0.068258 0.071942 0.069716 0.077267 0.074602 0.078197 0.044705 0.040296 0.053223 0.041925 0.055124 0.048299 0.068838 0.037597 0.028216 0.029707 0.028859 0.077815 0.074917 0.078805 0.073453 0.077578 0.07508 0.032274 0.033459 0.031105 0.040585 0.04793 0.072645 0.062604 0.032678 0.079016 0.073329 0.031831 0.029951 0.030979 0.030581 0.03837 0.034631 0.033405 0.040067 0.034783 0.037724 0.044096 0.04876 0.05372 0.045206 0.054992 0.046907 0.051784 0.058322 0.067094 0.069884 0.062567 0.070186 0.067991 0.063292 0.073473 0.076681 0.074711 0.076437 0.074692 0.077689 0.075136 0.077961 0.077937 0.073208 0.077063 0.075293 0.067836 0.061152 0.053777 0.066252 0.051334 0.063532 0.055832 0.048176 0.038195 0.034841 0.042605 0.033888 0.035824 0.040993 0.030435 0.029949 0.029372 0.032934 0.076757 0.070007 0.033293 0.054222 0.060231 0.051974 0.044243 0.033492 0.036571 0.037639 0.075736 0.074533 0.074307 0.073008 0.071053 0.071454 0.028608 0.029642 0.027782 0.039023 0.073475 0.046239 0.051566 0.043607 0.054145 0.045921 0.051369 0.067438 0.062623 0.067117 0.059555 0.062895 0.060661 0.064627 0.056128 0.068009 0.051131 0.063184 0.054564 0.035208 0.040866 0.032487 0.044048 0.034389 0.040127 0.067749 0.028836 0.042202 0.058468 0.065305 0.031874 0.057632 0.04309 0.042646 0.046716 0.043866 0.059787 0.061784 0.05231 0.056907 0.048157 0.050651 0.027174 0.028401 0.027147 0.051653 0.047131 0.049393 0.028718 0.055862 0.054653 0.052962 0.049329 0.048444 0.046476 0.03929 0.033942 0.042202 0.032002 0.039202 0.034407 0.044444 0.042207 0.041642 0.033058 0.039986 0.039015 0.035567 0.040063 0.042428 0.035735 0.040005 0.034719 0.036626 0.027904 0.029857 0.029318 0.03476 0.031531 0.032471 0.031062 

# Individual 22
0.051725 0.051609 0.055402 0.055127 0.051891 0.055622 0.050976 0.064023 0.064194 0.071479 0.071769 0.087981 0.087858 0.051454 0.055046 0.050568 0.066176 0.065635 0.10276 0.053827 0.073389 0.092366 0.064744 0.1008 0.068364 0.083926 0.07333 0.064999 0.094668 0.071198 0.11052 0.092632 0.053887 0.12248 0.10465 0.062034 0.048282 0.049565 0.044075 0.13408 0.12975 0.16324 0.14277 0.1837 0.16316 0.04901 0.051833 0.047439 0.081903 0.10222 0.058089 0.15363 0.15098 0.050112 0.044136 0.20662 0.066874 0.057782 0.063075 0.049518 0.053713 0.048423 0.11585 0.12778 0.093953 0.11441 0.085158 0.093958 0.13811 0.17099 0.14688 0.2125 0.1855 0.21866 0.066758 0.058861 0.084458 0.063031 0.091167 0.077244 0.12438 0.056727 0.039934 0.039793 0.037009 0.19649 0.16606 0.20747 0.14955 0.18612 0.15917 0.0465 0.049195 0.046245 0.051813 0.070353 0.18126 0.11847 0.043209 0.22609 0.14265 0.048894 0.035293 0.034687 0.037114 0.046349 0.042755 0.039578 0.044802 0.038625 0.040409 0.047984 0.065699 0.072401 0.05686 0.068919 0.054429 0.059844 0.085624 0.11199 0.1208 0.093913 0.11496 0.10131 0.089322 0.12891 0.17049 0.14999 0.1609 0.14263 0.18861 0.1973 0.21573 0.20307 0.18411 0.18679 0.18195 0.16665 0.12438 0.10327 0.15281 0.10612 0.15144 0.12874 0.082745 0.060533 0.055434 0.072015 0.056244 0.06267 0.073643 0.050022 0.046393 0.046849 0.035664 0.16472 0.10086 0.060534 0.057975 0.077486 0.12801 0.087128 0.034323 0.035652 0.034758 0.14518 0.12848 0.14546 0.11423 0.12795 0.1133 0.048265 0.052394 0.050369 0.038741 0.16239 0.046051 0.050629 0.041246 0.049896 0.040313 0.044349 0.087533 0.076228 0.08748 0.065692 0.076098 0.065418 0.15812 0.14545 0.15587 0.14247 0.14209 0.14251 0.069481 0.085289 0.066419 0.10402 0.078012 0.099998 0.10031 0.055654 0.036886 0.077997 0.12811 0.072979 0.056993 0.12109 0.03673 0.040313 0.040929 0.11578 0.10151 0.11991 0.091149 0.10928 0.094921 0.053149 0.059473 0.056208 0.044669 0.084333 0.13366 0.062894 0.058211 0.068702 0.051265 0.071491 0.052725 0.062056 0.11166 0.085743 0.12403 0.077765 0.10851 0.087771 0.046421 0.10684 0.062488 0.077473 0.047005 0.053708 0.052814 0.092946 0.08449 0.081634 0.072036 0.072104 0.068801 0.058613 0.06432 0.059216 0.058969 0.062841 0.056343 0.057805 

# Individual 23
0.058836 0.055504 0.064427 0.056554 0.065482 0.073739 0.073576 0.064503 0.069409 0.066538 0.077894 0.077059 0.083376 0.050742 0.051275 0.045609 0.081807 0.058957 0.093731 0.045693 0.095132 0.10094 0.10026 0.11398 0.12046 0.13197 0.060407 0.052531 0.071599 0.053195 0.074678 0.063532 0.084101 0.11242 0.080807 0.046106 0.07819 0.086224 0.074554 0.093391 0.098835 0.0994 0.10711 0.10984 0.11067 0.04069 0.040625 0.036718 0.15221 0.064911 0.11205 0.11243 0.090302 0.036847 0.078397 0.11494 0.16734 0.12584 0.17893 0.099687 0.13878 0.10376 0.11783 0.11361 0.13416 0.11356 0.13899 0.12186 0.079897 0.094925 0.081035 0.11085 0.09801 0.1126 0.046468 0.041062 0.054597 0.041615 0.055318 0.047675 0.10897 0.037787 0.067747 0.070004 0.062286 0.11589 0.11275 0.11559 0.10933 0.11056 0.10758 0.034047 0.034466 0.032478 0.13647 0.17089 0.09531 0.066605 0.084103 0.11669 0.10293 0.033088 0.058557 0.056934 0.0641 0.10575 0.086067 0.073777 0.098368 0.070827 0.077765 0.11163 0.16391 0.13661 0.16071 0.12786 0.14056 0.13264 0.12145 0.10669 0.10229 0.11109 0.097921 0.097946 0.10655 0.093804 0.10245 0.10079 0.097204 0.09621 0.10713 0.10458 0.11227 0.10792 0.098241 0.10063 0.097155 0.087199 0.066665 0.056358 0.079225 0.055667 0.077164 0.064418 0.048439 0.038545 0.035801 0.043116 0.035479 0.037815 0.042695 0.032511 0.03161 0.03135 0.060064 0.095024 0.090615 0.036225 0.11312 0.11074 0.061442 0.047407 0.054846 0.057782 0.052095 0.088052 0.088117 0.083884 0.085152 0.076829 0.078092 0.031278 0.032706 0.031406 0.069129 0.087677 0.094856 0.098721 0.074963 0.081272 0.064835 0.067291 0.089823 0.1004 0.080082 0.10035 0.07687 0.085336 0.080594 0.068579 0.08106 0.061672 0.071815 0.063598 0.039163 0.045364 0.0372 0.050976 0.040357 0.047508 0.074366 0.033097 0.054255 0.066281 0.07084 0.037778 0.077782 0.051848 0.048325 0.049199 0.043787 0.064597 0.066643 0.057908 0.062213 0.053179 0.055218 0.031689 0.033473 0.032003 0.057183 0.050855 0.056594 0.033724 0.064662 0.06094 0.056634 0.052661 0.048858 0.047789 0.046897 0.040395 0.049296 0.037652 0.045043 0.039795 0.043734 0.047229 0.042759 0.037575 0.039609 0.039415 0.036596 0.044183 0.045753 0.03968 0.042277 0.037961 0.039068 0.032404 0.034112 0.033047 0.036615 0.034793 0.034689 0.033899 

# Individual 24
0.030892 0.030521 0.032341 0.031504 0.03229 0.034667 0.03541 0.034006 0.034472 0.03593 0.036974 0.039685 0.040226 0.030539 0.031993 0.031274 0.037279 0.034924 0.044475 0.033478 0.041721 0.04577 0.043979 0.053857 0.05366 0.060448 0.037928 0.037271 0.042741 0.041779 0.048606 0.048517 0.039866 0.059192 0.043327 0.040982 0.041832 0.050457 0.052617 0.048672 0.049167 0.054701 0.055735 0.061005 0.061493 0.032937 0.035975 0.035319 0.080728 0.056267 0.059848 0.070327 0.055551 0.038801 0.065467 0.068389 0.10099 0.081854 0.14432 0.085778 0.13773 0.107 0.072338 0.077601 0.087979 0.096907 0.12411 0.12695 0.064964 0.064064 0.071681 0.070467 0.077165 0.077238 0.046414 0.044617 0.054786 0.049331 0.061061 0.05715 0.099834 0.046455 0.062966 0.073045 0.066245 0.074227 0.075731 0.080695 0.086691 0.086174 0.090137 0.037703 0.040926 0.039399 0.13637 0.16921 0.078911 0.069 0.092672 0.081492 0.10286 0.041952 0.065181 0.064179 0.071627 0.11333 0.097759 0.084364 0.10292 0.080745 0.086466 0.10624 0.19695 0.21274 0.15305 0.17385 0.12741 0.13141 0.17836 0.12487 0.12178 0.16742 0.13622 0.15703 0.18468 0.12139 0.096308 0.10307 0.10157 0.11055 0.090699 0.08258 0.08496 0.088921 0.0831 0.091843 0.088766 0.078279 0.070603 0.065717 0.074853 0.064528 0.073717 0.068143 0.059989 0.049511 0.046488 0.055401 0.046883 0.050017 0.055189 0.043045 0.040335 0.040885 0.068381 0.099542 0.13993 0.048425 0.10772 0.17361 0.066114 0.058847 0.062442 0.065777 0.060047 0.10558 0.11767 0.099397 0.12208 0.098817 0.107 0.041988 0.044421 0.043749 0.076886 0.091033 0.092316 0.092548 0.079958 0.082666 0.071718 0.074143 0.12807 0.13432 0.10528 0.10846 0.093051 0.093099 0.077764 0.070911 0.084322 0.069878 0.083334 0.075685 0.051623 0.056675 0.050765 0.060296 0.054983 0.059361 0.10008 0.046948 0.06282 0.085388 0.089373 0.056113 0.083836 0.06433 0.058358 0.061684 0.058616 0.085453 0.088935 0.079443 0.084544 0.079302 0.081476 0.047313 0.052005 0.052959 0.069281 0.081039 0.075079 0.058715 0.079449 0.081556 0.073299 0.080153 0.070699 0.075336 0.065653 0.062011 0.071182 0.064077 0.073498 0.070138 0.062957 0.077541 0.072405 0.070171 0.060201 0.064693 0.061556 0.078327 0.079632 0.074394 0.075722 0.071689 0.071995 0.058437 0.063634 0.061388 0.065285 0.065195 0.061973 0.062007 

