#Evolver by Thomas Michelitsch (ISF)
#
#Objective Function Values
#
### Column 0 Fitness
### Column 1 Objective 1
### Column 2 Objective 2
### Column 3 Objective 3
### Column 4 Objective 4
### Column 5 Objective 5
### Column 6 Temp overall
### Column 7 Cost overall
### Column 8 Res  overall
### Column 9 Temp worst
### Column 10 Temp var
### Column 11 Temp avg
### Column 12 Temp best
### Column 13 Cost bore len
### Column 14 Cost bore prep
### Column 15 Cost conn
### Column 16 Cost plug
### Column 17 Cost insert
### Column 18 Res  angle dril
### Column 19 Res  angle outer
### Column 20 Res  bounding box
### Column 21 Res  cavity
### Column 22 Res  drill
### Column 23 Res  not inside
### Column 24 Res  obstacles


# Individual 0
0.2024792 0.135311 0.0591628 0 0 0 1.135311 1.059163 1 21.686 0.00072259 0.093147 6.1231 43.163 0 10 6 0 0 0 0 0 0 0 0

# Individual 1
0.2065318 0.1431532 0.05544198 0 0 0 1.143153 1.055442 1 22.688 0.00088286 0.088489 6.2409 39.442 0 10 6 0 0 0 0 0 0 0 0

# Individual 2
0.2145037 0.1487488 0.05724044 0 0 0 1.148749 1.05724 1 24.582 0.00066769 0.081403 7.2365 41.24 0 10 6 0 0 0 0 0 0 0 0

# Individual 3
0.2159542 0.1558366 0.05201219 0 0 0 1.155837 1.052012 1 28.254 0.00021224 0.063973 8.5801 36.012 0 10 6 0 0 0 0 0 0 0 0

# Individual 4
0.2275937 0.1655444 0.05323635 0 0 0 1.165544 1.053236 1 28.366 0.00056247 0.071598 7.9005 37.236 0 10 6 0 0 0 0 0 0 0 0

# Individual 5
0.2283837 0.1633558 0.05589679 0 0 0 1.163356 1.055897 1 29.282 0.00028716 0.065606 9.6913 39.897 0 10 6 0 0 0 0 0 0 0 0

# Individual 6
0.2289332 0.1641235 0.05567252 0 0 0 1.164124 1.055673 1 30.545 0.00012988 0.05439 13.199 39.673 0 10 6 0 0 0 0 0 0 0 0

# Individual 7
0.2314967 0.1676045 0.05472069 0 0 0 1.167605 1.054721 1 27.773 0.00082593 0.078202 5.4123 38.721 0 10 6 0 0 0 0 0 0 0 0

# Individual 8
0.2326613 0.1630202 0.05987947 0 0 0 1.16302 1.059879 1 20.236 0.0038245 0.11705 3.2804 43.879 0 10 6 0 0 0 0 0 0 0 0

# Individual 9
0.2338902 0.1749746 0.05014205 0 0 0 1.174975 1.050142 1 30.421 0.00052299 0.071476 8.0049 34.142 0 10 6 0 0 0 0 0 0 0 0

# Individual 10
0.2350764 0.1644858 0.06061955 0 0 0 1.164486 1.06062 1 26.562 0.0010032 0.076873 4.9014 44.62 0 10 6 0 0 0 0 0 0 0 0

# Individual 11
0.2359601 0.1762604 0.05075388 0 0 0 1.17626 1.050754 1 27.848 0.0013705 0.085246 5.3033 34.754 0 10 6 0 0 0 0 0 0 0 0

# Individual 12
0.2401263 0.1779862 0.05275115 0 0 0 1.177986 1.052751 1 29.202 0.0010225 0.072299 4.7659 36.751 0 10 6 0 0 0 0 0 0 0 0

# Individual 13
0.2414742 0.185132 0.04754086 0 0 0 1.185132 1.047541 1 31.573 0.00074361 0.068601 5.5892 31.541 0 10 6 0 0 0 0 0 0 0 0

# Individual 14
0.2425091 0.1799928 0.05298024 0 0 0 1.179993 1.05298 1 31.449 0.00051738 0.072797 7.9663 36.98 0 10 6 0 0 0 0 0 0 0 0

# Individual 15
0.246018 0.1805661 0.05544113 0 0 0 1.180566 1.055441 1 30.846 0.00069364 0.061679 6.2622 39.441 0 10 6 0 0 0 0 0 0 0 0

# Individual 16
0.2475833 0.1822621 0.05525106 0 0 0 1.182262 1.055251 1 31.974 0.0005014 0.06874 7.6248 39.251 0 10 6 0 0 0 0 0 0 0 0

# Individual 17
0.2488441 0.1808453 0.05758482 0 0 0 1.180845 1.057585 1 31.218 0.00061286 0.069901 7.1856 41.585 0 10 6 0 0 0 0 0 0 0 0

# Individual 18
0.2496472 0.1798557 0.05915261 0 0 0 1.179856 1.059153 1 32.862 0.00024163 0.056875 11.116 43.153 0 10 6 0 0 0 0 0 0 0 0

# Individual 19
0.252754 0.1860671 0.05622523 0 0 0 1.186067 1.056225 1 32.721 0.00050448 0.060662 8.8253 40.225 0 10 6 0 0 0 0 0 0 0 0

# Individual 20
0.2555471 0.1915878 0.05367563 0 0 0 1.191588 1.053676 1 29.369 0.0020021 0.093923 4.267 37.676 0 10 6 0 0 0 0 0 0 0 0

# Individual 21
0.2562489 0.1986252 0.04807484 0 0 0 1.198625 1.048075 1 36.836 0.00020868 0.049246 12.656 32.075 0 10 6 0 0 0 0 0 0 0 0

# Individual 22
0.2578059 0.1892977 0.05760389 0 0 0 1.189298 1.057604 1 29.135 0.0019029 0.09014 4.423 41.604 0 10 6 0 0 0 0 0 0 0 0

# Individual 23
0.2596251 0.1926717 0.05613734 0 0 0 1.192672 1.056137 1 31.971 0.0010768 0.076586 5.5888 40.137 0 10 6 0 0 0 0 0 0 0 0

# Individual 24
0.2613474 0.1955695 0.0550181 0 0 0 1.195569 1.055018 1 32.764 0.0010079 0.07489 4.7006 39.018 0 10 6 0 0 0 0 0 0 0 0

