### column 0 deviation from surface normal
### column 1 harmony of tool movement
### column 2 number of individual

0.589417 0.0140394 0

0.68314 1.0494e-006 1
 
0.628454 0.000277398 2

0.622774 0.000418447 3

0.635295 0.000165497 4

0.589461 0.011797 5

0.653252 3.05014e-005 6

0.625525 0.000345636 7

0.594883 0.00313244 8

0.594159 0.00339219 9

0.631714 0.000219872 10

0.596501 0.00268054 11

0.620266 0.000499207 12

0.647643 5.90069e-005 13

0.618046 0.000579493 14

0.590566 0.00614162 15

0.595701 0.00290329 16

0.597412 0.00248551 17

0.598331 0.00229849 18

0.591625 0.00487553 19

0.642592 9.37727e-005 20

0.589558 0.0103077 21

0.59927 0.00212951 22

0.593045 0.00391321 23

0.611236 0.000923911 24

0.604575 0.00144279 25

0.609613 0.00102502 26

0.591234 0.00526739 27

0.616143 0.000662966 28

0.603329 0.00157654 29

0.592068 0.00452079 30

0.592526 0.00421189 31

0.590897 0.00568661 32

0.600281 0.00197822 33

0.601292 0.00183291 34

0.61441 0.000748942 35

0.589672 0.00926086 36

0.660817 1.36755e-005 37

0.612883 0.000833998 38

0.608334 0.00112666 39

0.607056 0.00123182 40

0.590309 0.0066965 41

0.605814 0.00133709 42

0.593603 0.00367916 43

0.589809 0.00840104 44

0.602335 0.00170756 45

0.639304 0.000127745 46

0.590113 0.00721086 47

0.589957 0.00778152 48

0.669226 3.34525e-006 49